111111111111111111111111111111111111000001111111111000001111111111111111000001111100000111111111111111111111000001111111111111111111111111111111111111
111111111111111111111111111111111111000001111111111000001111111111111111000001111100000111111111111111111111000001111111111111111111111111111111111111
111111111111111111111111111111111111000001111111111000001111111111111111000001111100000111111111111111111111000001111111111111111111111111111111111111
111111111111111111111111111111111111000001111111111000001111111111111111000001111100000111111111111111111111000001111111111111111111111111111111111111
111111111111111111111111111111111111000001111111111000001111111111111111000001111100000111111111111111111111000001111111111111111111111111111111111111
111110000000000000000000000000011111000001111111111000000000001111100000111110000000000000000000000000000000000001111100000000000000000000000000111111
111110000000000000000000000000011111000001111111111000000000001111100000111110000000000000000000000000000000000001111100000000000000000000000000111111
111110000000000000000000000000011111000001111111111000000000001111100000111110000000000000000000000000000000000001111100000000000000000000000000111111
111110000000000000000000000000011111000001111111111000000000001111100000111110000000000000000000000000000000000001111100000000000000000000000000111111
111110000000000000000000000000011111000001111111111000000000001111100000111110000000000000000000000000000000000001111100000000000000000000000000111111
111110000011111111111111100000011111000001111111111000001111110000000000000000000011111111111000001111111111000001111100000011111111111111100000111111
111110000011111111111111100000011111000001111111111000001111110000000000000000000011111111111000001111111111000001111100000011111111111111100000111111
111110000011111111111111100000011111000001111111111000001111110000000000000000000011111111111000001111111111000001111100000011111111111111100000111111
111110000011111111111111100000011111000001111111111000001111110000000000000000000011111111111000001111111111000001111100000011111111111111100000111111
111110000011111111111111100000011111000001111111111000001111110000000000000000000011111111111000001111111111000001111100000011111111111111100000111111
111110000011111111111111100000011111000001111100000000000000001111100000111111111100000000000000001111100000000001111100000011111111111111100000111111
111110000011111111111111100000011111000001111100000000000000001111100000111111111100000000000000001111100000000001111100000011111111111111100000111111
111110000011111111111111100000011111000001111100000000000000001111100000111111111100000000000000001111100000000001111100000011111111111111100000111111
111110000011111111111111100000011111000001111100000000000000001111100000111111111100000000000000001111100000000001111100000011111111111111100000111111
111110000011111111111111100000011111000001111100000000000000001111100000111111111100000000000000001111100000000001111100000011111111111111100000111111
111110000011111111111111100000011111000001111100000111110000000000011111000000000000000000000000001111100000000001111100000011111111111111100000111111
111110000011111111111111100000011111000001111100000111110000000000011111000000000000000000000000001111100000000001111100000011111111111111100000111111
111110000011111111111111100000011111000001111100000111110000000000011111000000000000000000000000001111100000000001111100000011111111111111100000111111
111110000011111111111111100000011111000001111100000111110000000000011111000000000000000000000000001111100000000001111100000011111111111111100000111111
111110000011111111111111100000011111000001111100000111110000000000011111000000000000000000000000001111100000000001111100000011111111111111100000111111
111110000000000000000000000000011111000000000011111000001111111111111111000000000011111000000000000000011111000001111100000000000000000000000000111111
111110000000000000000000000000011111000000000011111000001111111111111111000000000011111000000000000000011111000001111100000000000000000000000000111111
111110000000000000000000000000011111000000000011111000001111111111111111000000000011111000000000000000011111000001111100000000000000000000000000111111
111110000000000000000000000000011111000000000011111000001111111111111111000000000011111000000000000000011111000001111100000000000000000000000000111111
111110000000000000000000000000011111000000000011111000001111111111111111000000000011111000000000000000011111000001111100000000000000000000000000111111
111110000000000000000000000000011111000000000011111000001111111111111111000000000011111000000000000000011111000001111100000000000000000000000000111111
111111111111111111111111111111111111000001111100000111110000001111100000111110000011111000000111110000011111000001111111111111111111111111111111111111
111111111111111111111111111111111111000001111100000111110000001111100000111110000011111000000111110000011111000001111111111111111111111111111111111111
111111111111111111111111111111111111000001111100000111110000001111100000111110000011111000000111110000011111000001111111111111111111111111111111111111
111111111111111111111111111111111111000001111100000111110000001111100000111110000011111000000111110000011111000001111111111111111111111111111111111111
111111111111111111111111111111111111000001111100000111110000001111100000111110000011111000000111110000011111000001111111111111111111111111111111111111
000000000000000000000000000000000000000001111111111111111111111111111111111110000000000111111111111111111111000000000000000000000000000000000000000000
000000000000000000000000000000000000000001111111111111111111111111111111111110000000000111111111111111111111000000000000000000000000000000000000000000
000000000000000000000000000000000000000001111111111111111111111111111111111110000000000111111111111111111111000000000000000000000000000000000000000000
000000000000000000000000000000000000000001111111111111111111111111111111111110000000000111111111111111111111000000000000000000000000000000000000000000
000000000000000000000000000000000000000001111111111111111111111111111111111110000000000111111111111111111111000000000000000000000000000000000000000000
000001111100000111110000011111111111000001111100000111111111111111100000111111111111111000000000000000000000111111111100000011111111111111111111111111
000001111100000111110000011111111111000001111100000111111111111111100000111111111111111000000000000000000000111111111100000011111111111111111111111111
000001111100000111110000011111111111000001111100000111111111111111100000111111111111111000000000000000000000111111111100000011111111111111111111111111
000001111100000111110000011111111111000001111100000111111111111111100000111111111111111000000000000000000000111111111100000011111111111111111111111111
000001111100000111110000011111111111000001111100000111111111111111100000111111111111111000000000000000000000111111111100000011111111111111111111111111
111111111111111111110000000000000000000001111111111111111111111111100000111110000000000111111000001111111111000000000000000000000000000000011111000000
111111111111111111110000000000000000000001111111111111111111111111100000111110000000000111111000001111111111000000000000000000000000000000011111000000
111111111111111111110000000000000000000001111111111111111111111111100000111110000000000111111000001111111111000000000000000000000000000000011111000000
111111111111111111110000000000000000000001111111111111111111111111100000111110000000000111111000001111111111000000000000000000000000000000011111000000
111111111111111111110000000000000000000001111111111111111111111111100000111110000000000111111000001111111111000000000000000000000000000000011111000000
000000000011111000001111111111111111000001111100000000001111110000011111000001111100000111111000000000011111000000000011111100000000001111100000111111
000000000011111000001111111111111111000001111100000000001111110000011111000001111100000111111000000000011111000000000011111100000000001111100000111111
000000000011111000001111111111111111000001111100000000001111110000011111000001111100000111111000000000011111000000000011111100000000001111100000111111
000000000011111000001111111111111111000001111100000000001111110000011111000001111100000111111000000000011111000000000011111100000000001111100000111111
000000000011111000001111111111111111000001111100000000001111110000011111000001111100000111111000000000011111000000000011111100000000001111100000111111
000001111111111111110000000000000000000000000000000111111111111111100000000000000000000000000111111111111111000000000000000000000000001111111111111111
000001111111111111110000000000000000000000000000000111111111111111100000000000000000000000000111111111111111000000000000000000000000001111111111111111
000001111111111111110000000000000000000000000000000111111111111111100000000000000000000000000111111111111111000000000000000000000000001111111111111111
000001111111111111110000000000000000000000000000000111111111111111100000000000000000000000000111111111111111000000000000000000000000001111111111111111
000001111111111111110000000000000000000000000000000111111111111111100000000000000000000000000111111111111111000000000000000000000000001111111111111111
000001111111111111110000000000000000000000000000000111111111111111100000000000000000000000000111111111111111000000000000000000000000001111111111111111
000001111100000000001111100000011111111111111100000111110000000000011111000001111111111000000111110000000000111110000011111111111000001111100000000000
000001111100000000001111100000011111111111111100000111110000000000011111000001111111111000000111110000000000111110000011111111111000001111100000000000
000001111100000000001111100000011111111111111100000111110000000000011111000001111111111000000111110000000000111110000011111111111000001111100000000000
000001111100000000001111100000011111111111111100000111110000000000011111000001111111111000000111110000000000111110000011111111111000001111100000000000
000001111100000000001111100000011111111111111100000111110000000000011111000001111111111000000111110000000000111110000011111111111000001111100000000000
111110000011111000000000011111100000000000000000000000000000000000000000111111111100000000000000000000000000111111111111111100000000000000000000000000
111110000011111000000000011111100000000000000000000000000000000000000000111111111100000000000000000000000000111111111111111100000000000000000000000000
111110000011111000000000011111100000000000000000000000000000000000000000111111111100000000000000000000000000111111111111111100000000000000000000000000
111110000011111000000000011111100000000000000000000000000000000000000000111111111100000000000000000000000000111111111111111100000000000000000000000000
111110000011111000000000011111100000000000000000000000000000000000000000111111111100000000000000000000000000111111111111111100000000000000000000000000
000000000000000111111111100000011111000001111100000000000000000000011111000001111111111111111000000000000000000001111100000011111000000000011111000000
000000000000000111111111100000011111000001111100000000000000000000011111000001111111111111111000000000000000000001111100000011111000000000011111000000
000000000000000111111111100000011111000001111100000000000000000000011111000001111111111111111000000000000000000001111100000011111000000000011111000000
000000000000000111111111100000011111000001111100000000000000000000011111000001111111111111111000000000000000000001111100000011111000000000011111000000
000000000000000111111111100000011111000001111100000000000000000000011111000001111111111111111000000000000000000001111100000011111000000000011111000000
111110000000000000001111111111100000111110000000000000001111110000000000111110000000000111111111111111100000111110000000000011111111110000011111000000
111110000000000000001111111111100000111110000000000000001111110000000000111110000000000111111111111111100000111110000000000011111111110000011111000000
111110000000000000001111111111100000111110000000000000001111110000000000111110000000000111111111111111100000111110000000000011111111110000011111000000
111110000000000000001111111111100000111110000000000000001111110000000000111110000000000111111111111111100000111110000000000011111111110000011111000000
111110000000000000001111111111100000111110000000000000001111110000000000111110000000000111111111111111100000111110000000000011111111110000011111000000
000000000011111000000000000000011111111110000000000111111111110000000000000000000000000111111000001111100000000001111111111100000000000000000000000000
000000000011111000000000000000011111111110000000000111111111110000000000000000000000000111111000001111100000000001111111111100000000000000000000000000
000000000011111000000000000000011111111110000000000111111111110000000000000000000000000111111000001111100000000001111111111100000000000000000000000000
000000000011111000000000000000011111111110000000000111111111110000000000000000000000000111111000001111100000000001111111111100000000000000000000000000
000000000011111000000000000000011111111110000000000111111111110000000000000000000000000111111000001111100000000001111111111100000000000000000000000000
000000000011111111111111100000000000000000000000000000001111110000011111111111111111111000000111111111111111000001111111111111111000001111111111000000
000000000011111111111111100000000000000000000000000000001111110000011111111111111111111000000111111111111111000001111111111111111000001111111111000000
000000000011111111111111100000000000000000000000000000001111110000011111111111111111111000000111111111111111000001111111111111111000001111111111000000
000000000011111111111111100000000000000000000000000000001111110000011111111111111111111000000111111111111111000001111111111111111000001111111111000000
000000000011111111111111100000000000000000000000000000001111110000011111111111111111111000000111111111111111000001111111111111111000001111111111000000
000000000011111111111111100000000000000000000000000000001111110000011111111111111111111000000111111111111111000001111111111111111000001111111111000000
111110000011111000000000011111111111000001111111111000001111110000011111111110000011111111111000001111100000111111111100000011111000000000011111000000
111110000011111000000000011111111111000001111111111000001111110000011111111110000011111111111000001111100000111111111100000011111000000000011111000000
111110000011111000000000011111111111000001111111111000001111110000011111111110000011111111111000001111100000111111111100000011111000000000011111000000
111110000011111000000000011111111111000001111111111000001111110000011111111110000011111111111000001111100000111111111100000011111000000000011111000000
111110000011111000000000011111111111000001111111111000001111110000011111111110000011111111111000001111100000111111111100000011111000000000011111000000
000000000011111000000000000000000000000000000000000111111111110000000000111111111111111000000111111111100000111111111100000011111111110000000000000000
000000000011111000000000000000000000000000000000000111111111110000000000111111111111111000000111111111100000111111111100000011111111110000000000000000
000000000011111000000000000000000000000000000000000111111111110000000000111111111111111000000111111111100000111111111100000011111111110000000000000000
000000000011111000000000000000000000000000000000000111111111110000000000111111111111111000000111111111100000111111111100000011111111110000000000000000
000000000011111000000000000000000000000000000000000111111111110000000000111111111111111000000111111111100000111111111100000011111111110000000000000000
111110000011111000000000011111111111111111111100000111111111110000000000111110000011111000000000001111111111111111111111111111111111110000000000000000
111110000011111000000000011111111111111111111100000111111111110000000000111110000011111000000000001111111111111111111111111111111111110000000000000000
111110000011111000000000011111111111111111111100000111111111110000000000111110000011111000000000001111111111111111111111111111111111110000000000000000
111110000011111000000000011111111111111111111100000111111111110000000000111110000011111000000000001111111111111111111111111111111111110000000000000000
111110000011111000000000011111111111111111111100000111111111110000000000111110000011111000000000001111111111111111111111111111111111110000000000000000
000000000000000000000000000000000000000001111111111111110000001111111111111110000000000111111000000000011111000000000000000011111111110000000000000000
000000000000000000000000000000000000000001111111111111110000001111111111111110000000000111111000000000011111000000000000000011111111110000000000000000
000000000000000000000000000000000000000001111111111111110000001111111111111110000000000111111000000000011111000000000000000011111111110000000000000000
000000000000000000000000000000000000000001111111111111110000001111111111111110000000000111111000000000011111000000000000000011111111110000000000000000
000000000000000000000000000000000000000001111111111111110000001111111111111110000000000111111000000000011111000000000000000011111111110000000000000000
111111111111111111111111111111111111000000000011111000000000001111111111111111111100000111111111111111111111000001111100000011111111110000011111000000
111111111111111111111111111111111111000000000011111000000000001111111111111111111100000111111111111111111111000001111100000011111111110000011111000000
111111111111111111111111111111111111000000000011111000000000001111111111111111111100000111111111111111111111000001111100000011111111110000011111000000
111111111111111111111111111111111111000000000011111000000000001111111111111111111100000111111111111111111111000001111100000011111111110000011111000000
111111111111111111111111111111111111000000000011111000000000001111111111111111111100000111111111111111111111000001111100000011111111110000011111000000
111110000000000000000000000000011111000001111111111111111111110000000000000001111100000111111000000000011111000000000000000011111000001111111111111111
111110000000000000000000000000011111000001111111111111111111110000000000000001111100000111111000000000011111000000000000000011111000001111111111111111
111110000000000000000000000000011111000001111111111111111111110000000000000001111100000111111000000000011111000000000000000011111000001111111111111111
111110000000000000000000000000011111000001111111111111111111110000000000000001111100000111111000000000011111000000000000000011111000001111111111111111
111110000000000000000000000000011111000001111111111111111111110000000000000001111100000111111000000000011111000000000000000011111000001111111111111111
111110000000000000000000000000011111000001111111111111111111110000000000000001111100000111111000000000011111000000000000000011111000001111111111111111
111110000011111111111111100000011111000000000000000111110000000000000000111110000000000111111000001111111111111111111111111111111000001111100000111111
111110000011111111111111100000011111000000000000000111110000000000000000111110000000000111111000001111111111111111111111111111111000001111100000111111
111110000011111111111111100000011111000000000000000111110000000000000000111110000000000111111000001111111111111111111111111111111000001111100000111111
111110000011111111111111100000011111000000000000000111110000000000000000111110000000000111111000001111111111111111111111111111111000001111100000111111
111110000011111111111111100000011111000000000000000111110000000000000000111110000000000111111000001111111111111111111111111111111000001111100000111111
111110000011111111111111100000011111000001111100000111111111111111111111000000000000000000000111111111100000111111111100000011111000000000000000000000
111110000011111111111111100000011111000001111100000111111111111111111111000000000000000000000111111111100000111111111100000011111000000000000000000000
111110000011111111111111100000011111000001111100000111111111111111111111000000000000000000000111111111100000111111111100000011111000000000000000000000
111110000011111111111111100000011111000001111100000111111111111111111111000000000000000000000111111111100000111111111100000011111000000000000000000000
111110000011111111111111100000011111000001111100000111111111111111111111000000000000000000000111111111100000111111111100000011111000000000000000000000
111110000011111111111111100000011111000000000000000111110000000000011111000001111100000111111111111111111111111110000011111111111111110000000000111111
111110000011111111111111100000011111000000000000000111110000000000011111000001111100000111111111111111111111111110000011111111111111110000000000111111
111110000011111111111111100000011111000000000000000111110000000000011111000001111100000111111111111111111111111110000011111111111111110000000000111111
111110000011111111111111100000011111000000000000000111110000000000011111000001111100000111111111111111111111111110000011111111111111110000000000111111
111110000011111111111111100000011111000000000000000111110000000000011111000001111100000111111111111111111111111110000011111111111111110000000000111111
111110000000000000000000000000011111000001111100000000001111111111100000000000000011111000000111111111100000000001111100000011111000001111111111111111
111110000000000000000000000000011111000001111100000000001111111111100000000000000011111000000111111111100000000001111100000011111000001111111111111111
111110000000000000000000000000011111000001111100000000001111111111100000000000000011111000000111111111100000000001111100000011111000001111111111111111
111110000000000000000000000000011111000001111100000000001111111111100000000000000011111000000111111111100000000001111100000011111000001111111111111111
111110000000000000000000000000011111000001111100000000001111111111100000000000000011111000000111111111100000000001111100000011111000001111111111111111
111111111111111111111111111111111111000000000000000111111111111111100000111111111111111000000000000000000000111111111111111111111000000000011111000000
111111111111111111111111111111111111000000000000000111111111111111100000111111111111111000000000000000000000111111111111111111111000000000011111000000
111111111111111111111111111111111111000000000000000111111111111111100000111111111111111000000000000000000000111111111111111111111000000000011111000000
111111111111111111111111111111111111000000000000000111111111111111100000111111111111111000000000000000000000111111111111111111111000000000011111000000
111111111111111111111111111111111111000000000000000111111111111111100000111111111111111000000000000000000000111111111111111111111000000000011111000000
111111111111111111111111111111111111000000000000000111111111111111100000111111111111111000000000000000000000111111111111111111111000000000011111000000
